/*--------------------------------*- C++ -*----------------------------------*\
  =========                 |
  \\      /  F ield         | OpenFOAM: The Open Source CFD Toolbox
   \\    /   O peration     | Website:  https://openfoam.org
    \\  /    A nd           | Version:  7
     \\/     M anipulation  |
\*---------------------------------------------------------------------------*/
FoamFile
{
    version     2.0;
    format      ascii;
    class       vectorField;
    location    "constant/polyMesh";
    object      points;
}
// * * * * * * * * * * * * * * * * * * * * * * * * * * * * * * * * * * * * * //


216
(
(-0.1 -0.1 -0.1)
(-0.06 -0.1 -0.1)
(-0.02 -0.1 -0.1)
(0.02 -0.1 -0.1)
(0.06 -0.1 -0.1)
(0.1 -0.1 -0.1)
(-0.1 -0.06 -0.1)
(-0.06 -0.06 -0.1)
(-0.02 -0.06 -0.1)
(0.02 -0.06 -0.1)
(0.06 -0.06 -0.1)
(0.1 -0.06 -0.1)
(-0.1 -0.02 -0.1)
(-0.06 -0.02 -0.1)
(-0.02 -0.02 -0.1)
(0.02 -0.02 -0.1)
(0.06 -0.02 -0.1)
(0.1 -0.02 -0.1)
(-0.1 0.02 -0.1)
(-0.06 0.02 -0.1)
(-0.02 0.02 -0.1)
(0.02 0.02 -0.1)
(0.06 0.02 -0.1)
(0.1 0.02 -0.1)
(-0.1 0.06 -0.1)
(-0.06 0.06 -0.1)
(-0.02 0.06 -0.1)
(0.02 0.06 -0.1)
(0.06 0.06 -0.1)
(0.1 0.06 -0.1)
(-0.1 0.1 -0.1)
(-0.06 0.1 -0.1)
(-0.02 0.1 -0.1)
(0.02 0.1 -0.1)
(0.06 0.1 -0.1)
(0.1 0.1 -0.1)
(-0.1 -0.1 -0.06)
(-0.06 -0.1 -0.06)
(-0.02 -0.1 -0.06)
(0.02 -0.1 -0.06)
(0.06 -0.1 -0.06)
(0.1 -0.1 -0.06)
(-0.1 -0.06 -0.06)
(-0.06 -0.06 -0.06)
(-0.02 -0.06 -0.06)
(0.02 -0.06 -0.06)
(0.06 -0.06 -0.06)
(0.1 -0.06 -0.06)
(-0.1 -0.02 -0.06)
(-0.06 -0.02 -0.06)
(-0.02 -0.02 -0.06)
(0.02 -0.02 -0.06)
(0.06 -0.02 -0.06)
(0.1 -0.02 -0.06)
(-0.1 0.02 -0.06)
(-0.06 0.02 -0.06)
(-0.02 0.02 -0.06)
(0.02 0.02 -0.06)
(0.06 0.02 -0.06)
(0.1 0.02 -0.06)
(-0.1 0.06 -0.06)
(-0.06 0.06 -0.06)
(-0.02 0.06 -0.06)
(0.02 0.06 -0.06)
(0.06 0.06 -0.06)
(0.1 0.06 -0.06)
(-0.1 0.1 -0.06)
(-0.06 0.1 -0.06)
(-0.02 0.1 -0.06)
(0.02 0.1 -0.06)
(0.06 0.1 -0.06)
(0.1 0.1 -0.06)
(-0.1 -0.1 -0.02)
(-0.06 -0.1 -0.02)
(-0.02 -0.1 -0.02)
(0.02 -0.1 -0.02)
(0.06 -0.1 -0.02)
(0.1 -0.1 -0.02)
(-0.1 -0.06 -0.02)
(-0.06 -0.06 -0.02)
(-0.02 -0.06 -0.02)
(0.02 -0.06 -0.02)
(0.06 -0.06 -0.02)
(0.1 -0.06 -0.02)
(-0.1 -0.02 -0.02)
(-0.06 -0.02 -0.02)
(-0.02 -0.02 -0.02)
(0.02 -0.02 -0.02)
(0.06 -0.02 -0.02)
(0.1 -0.02 -0.02)
(-0.1 0.02 -0.02)
(-0.06 0.02 -0.02)
(-0.02 0.02 -0.02)
(0.02 0.02 -0.02)
(0.06 0.02 -0.02)
(0.1 0.02 -0.02)
(-0.1 0.06 -0.02)
(-0.06 0.06 -0.02)
(-0.02 0.06 -0.02)
(0.02 0.06 -0.02)
(0.06 0.06 -0.02)
(0.1 0.06 -0.02)
(-0.1 0.1 -0.02)
(-0.06 0.1 -0.02)
(-0.02 0.1 -0.02)
(0.02 0.1 -0.02)
(0.06 0.1 -0.02)
(0.1 0.1 -0.02)
(-0.1 -0.1 0.02)
(-0.06 -0.1 0.02)
(-0.02 -0.1 0.02)
(0.02 -0.1 0.02)
(0.06 -0.1 0.02)
(0.1 -0.1 0.02)
(-0.1 -0.06 0.02)
(-0.06 -0.06 0.02)
(-0.02 -0.06 0.02)
(0.02 -0.06 0.02)
(0.06 -0.06 0.02)
(0.1 -0.06 0.02)
(-0.1 -0.02 0.02)
(-0.06 -0.02 0.02)
(-0.02 -0.02 0.02)
(0.02 -0.02 0.02)
(0.06 -0.02 0.02)
(0.1 -0.02 0.02)
(-0.1 0.02 0.02)
(-0.06 0.02 0.02)
(-0.02 0.02 0.02)
(0.02 0.02 0.02)
(0.06 0.02 0.02)
(0.1 0.02 0.02)
(-0.1 0.06 0.02)
(-0.06 0.06 0.02)
(-0.02 0.06 0.02)
(0.02 0.06 0.02)
(0.06 0.06 0.02)
(0.1 0.06 0.02)
(-0.1 0.1 0.02)
(-0.06 0.1 0.02)
(-0.02 0.1 0.02)
(0.02 0.1 0.02)
(0.06 0.1 0.02)
(0.1 0.1 0.02)
(-0.1 -0.1 0.06)
(-0.06 -0.1 0.06)
(-0.02 -0.1 0.06)
(0.02 -0.1 0.06)
(0.06 -0.1 0.06)
(0.1 -0.1 0.06)
(-0.1 -0.06 0.06)
(-0.06 -0.06 0.06)
(-0.02 -0.06 0.06)
(0.02 -0.06 0.06)
(0.06 -0.06 0.06)
(0.1 -0.06 0.06)
(-0.1 -0.02 0.06)
(-0.06 -0.02 0.06)
(-0.02 -0.02 0.06)
(0.02 -0.02 0.06)
(0.06 -0.02 0.06)
(0.1 -0.02 0.06)
(-0.1 0.02 0.06)
(-0.06 0.02 0.06)
(-0.02 0.02 0.06)
(0.02 0.02 0.06)
(0.06 0.02 0.06)
(0.1 0.02 0.06)
(-0.1 0.06 0.06)
(-0.06 0.06 0.06)
(-0.02 0.06 0.06)
(0.02 0.06 0.06)
(0.06 0.06 0.06)
(0.1 0.06 0.06)
(-0.1 0.1 0.06)
(-0.06 0.1 0.06)
(-0.02 0.1 0.06)
(0.02 0.1 0.06)
(0.06 0.1 0.06)
(0.1 0.1 0.06)
(-0.1 -0.1 0.1)
(-0.06 -0.1 0.1)
(-0.02 -0.1 0.1)
(0.02 -0.1 0.1)
(0.06 -0.1 0.1)
(0.1 -0.1 0.1)
(-0.1 -0.06 0.1)
(-0.06 -0.06 0.1)
(-0.02 -0.06 0.1)
(0.02 -0.06 0.1)
(0.06 -0.06 0.1)
(0.1 -0.06 0.1)
(-0.1 -0.02 0.1)
(-0.06 -0.02 0.1)
(-0.02 -0.02 0.1)
(0.02 -0.02 0.1)
(0.06 -0.02 0.1)
(0.1 -0.02 0.1)
(-0.1 0.02 0.1)
(-0.06 0.02 0.1)
(-0.02 0.02 0.1)
(0.02 0.02 0.1)
(0.06 0.02 0.1)
(0.1 0.02 0.1)
(-0.1 0.06 0.1)
(-0.06 0.06 0.1)
(-0.02 0.06 0.1)
(0.02 0.06 0.1)
(0.06 0.06 0.1)
(0.1 0.06 0.1)
(-0.1 0.1 0.1)
(-0.06 0.1 0.1)
(-0.02 0.1 0.1)
(0.02 0.1 0.1)
(0.06 0.1 0.1)
(0.1 0.1 0.1)
)


// ************************************************************************* //
